100
5 1011011 1011111 1010000 1011111 1011011
1 1111111
5 0000000 0000000 0000000 0000100 0000000
4 0001000 0010000 0011010 0011010
1 1101010
5 0110000 1111000 1111001 1111001 1110000
3 1110000 1011001 1011001
2 1010110 1010010
3 1010000 1011110 1011010
4 1110010 1110110 1110000 1010110
4 0111111 0110000 0011111 0011011
3 0110000 1111000 1111001
3 1001101 1001001 0100001
5 1010110 1010011 1010111 1010000 1010111
3 0110000 0011011 0011011
2 1100110 1100011
4 1111010 1110000 1011010 1011010
4 1010010 0110010 1110000 1100100
3 1101001 1101001 0100000
2 0110000 0011011
1 1011100
1 1111001
1 0010000
2 1100000 1001011
1 0011011
1 1101001
3 1011010 1011010 0110010
1 1111011
4 1100000 1001011 1001011 0100011
4 0010011 0110011 0110001 0100101
4 0010011 0110011 0110001 0100101
5 0110001 1110001 1100101 0110000 1110100
5 1100000 1001101 1001001 0100001 1101001
1 1110000
2 1101001 0110000
5 1100110 1100011 1100111 1100000 1000111
1 1111010
3 1010000 1011101 1011001
1 0101001
3 1110110 1110010 1110110
4 0101101 0110000 0111110 0111011
1 1101100
2 1100000 1001111
1 1100001
2 0110000 1111100
5 1110111 1110000 1010111 1010011 0110011
3 0011001 0001101 0010000
3 1000101 0010000 1010110
1 0100000
2 1111001 1111101
5 0110000 0011110 0011010 0110010 0111000
5 0110000 0011101 0011001 0110001 0111001
3 1011001 1011101 1010000
5 1001111 1001011 0100011 1101001 1101101
1 0111101
2 1011101 1010000
4 1111000 1101100 0110000 1111110
1 1101001
5 1101000 0110000 1111010 1111010 1111010
1 1110011
1 1011010
2 0110010 1111000
5 1111010 1111010 1111010 1110000 1011010
5 0101100 0110000 0111110 0111010 0111110
3 1101000 1101100 0100000
4 1111011 1111011 1110000 1011011
4 1010011 0110011 1110001 1100101
1 0010000
3 1100000 1001101 1001001
2 1100101 0100000
5 0100011 0101001 0101101 0100000 0101110
3 1110111 1110000 1010111
3 1010000 1011110 1011010
4 0100010 1101000 1101100 0100000
4 0110000 0011110 0011010 0110010
5 1011010 0110010 1111000 1101100 0110000
4 1011001 1001101 0010000 1011100
2 1100000 1001110
4 1101001 1101101 1100000 1001101
3 0100010 1101000 1101100
1 1010111
4 0010000 1011110 1011010 1011110
1 1010110
2 1101110 1101010
5 1111110 1111011 1111111 1110000 1011111
4 0010000 1011110 1011011 1011111
4 1110001 1100101 0110000 1110100
2 1011110 1011010
5 1010011 0010011 1010001 1000101 0010000
2 0011111 0011011
3 0110000 0111110 0111011
1 0100011
2 1111010 1110000
4 1101100 0100000 1101110 1101010
2 1111110 1111010
1 0011111
5 0011011 0010011 0011001 0001101 0010000
3 1110110 1110011 1110111
5 1011010 1011011 1011011 1010000 1011011
2 1100111 1100000
